1 125 1 2
2 125 1 3
3 125 4 5
4 125 4 6
5 125 7 8
6 125 7 9
7 125 10 11
8 125 10 12
9 125 13 14
10 125 13 15
11 125 16 17
12 125 16 18
13 125 19 20
14 125 19 21
15 125 22 23
16 125 22 24
17 125 22 25
18 113 26 30
19 125 26 27
20 125 26 28
21 125 26 29
22 113 30 33
23 125 30 31
24 125 30 32
25 125 33 34
26 125 35 36
27 125 35 37
28 119 35 40
29 34 38 39
30 41 38 40
31 125 41 42
32 138 41 43
33 208 43 44
34 208 43 45
35 213 43 46
36 125 48 49
37 125 48 50
38 119 48 53
39 34 51 52
40 41 51 53
41 113 54 58
42 125 54 55
43 125 54 56
44 125 54 57
45 113 58 61
46 125 58 59
47 125 58 60
48 125 61 62
49 125 63 64
50 125 63 65
51 125 63 66
52 113 1 22
53 113 1 4
54 113 4 7
55 113 7 33
56 113 33 35
57 39 10 38
58 113 10 41
59 39 41 51
60 113 48 61
61 113 13 61
62 113 13 16
63 113 16 19
64 113 19 63
