1	-0.22
2	0.22
3	0.55
4	-0.5
5	-0.58
6	0.08
7	0.45
8	0
9	0
10	0
11	0
12	0
13	0
14	0
15	0
16	0
17	0
18	0
19	0
20	-0.7
21	0.435
22	0.265
23	0.265
24	-0.47
25	-0.45
26	-0.47
27	-0.3
28	0.235
29	0.27
30	0.18
31	0.18
32	0.235
33	0.235
34	0.3
35	0.3
36	-0.43
37	0.28
38	0.15
39	0.265
40	0.265
41	-0.5
42	0.25
43	0.25
44	0.5
45	-0.25
46	0.42
47	-0.14
48	0.248
49	-0.062
50	0.139
51	-0.459
52	0.16
53	-0.5
54	-0.57
55	0.5
56	0.285
57	0
58	0
59	0
60	0
61	0
62	0
63	-0.834
64	0.417
65	0
66	0.52
67	-1.04
68	-0.822
69	0.411
70	0
71	0.511
72	-1.022
73	0
74	0.241
75	-0.241
76	-0.82
77	0.41
78	-1.02
79	0.34
80	-0.18
81	-0.12
82	-0.06
83	-0.24
84	0
85	0.06
86	0
87	-0.115
88	-0.23
89	0.115
90	-0.115
91	0.115
92	0
93	-0.065
94	-0.005
95	-0.115
96	-0.683
97	0.418
98	0.04
99	0.145
100	0.205
101	0.265
102	0.1263
103	0.5323
104	-0.6351
105	0.4286
106	-0.2057
107	0.0825
108	0.15
109	-0.585
110	0.435
111	-0.7
112	0.435
113	-0.73
114	0.465
115	0.145
116	0.205
117	0.265
118	0.06
119	-0.17
120	0
121	-0.285
122	-0.4
123	0.11
124	0.14
125	0.17
126	0.2
127	0.03
128	-0.4
129	-0.7
130	0.435
131	0.2
132	0.1
133	0.265
134	0.1
135	0.3
136	0.1
137	0.365
138	0.1
139	0.4
140	0.465
141	0.085
142	-0.335
143	-0.47
144	-0.435
145	-0.2175
146	0.155
147	0.235
148	0.06
149	0.12
150	0.18
151	0.0375
152	0.0975
153	0.1575
154	0.2175
155	0.0375
156	0.0975
157	0.1575
158	0.2175
159	0
160	0.2
161	0.26
162	0.32
163	-0.055
164	-0.32
165	0.08
166	0.14
167	0.2
168	-0.12
169	0.005
170	0.1025
171	0.14
172	0.2
173	0.7
174	0.565
175	0.585
176	0.615
177	0.5
178	-0.5
179	-0.76
180	-0.5
181	-0.14
182	0.38
183	0.3
184	0.02
185	-0.11
186	0.08
187	-0.05
188	0.01
189	0.142
190	-0.39
191	-0.542
192	0.333
193	-0.49
194	0.42
195	-0.42
196	0.37
197	0.06
198	-0.12
199	-0.06
200	0
201	0.06
202	0.035
203	0.395
204	-0.43
205	0.18
206	-0.18
207	-0.385
208	0.085
209	0.52
210	-0.44
211	-0.53
212	0.45
213	0.7
214	-0.8
215	-0.28
216	-0.22
217	-0.16
218	-0.1
219	0.45
220	-0.45
221	0
222	0.47
223	-0.47
224	0.06
225	0.04
226	-0.02
227	0.1
228	-0.09
229	-0.4
230	-0.3
231	0
232	0.35
233	0.33
234	0.13
235	0.19
236	0.25
237	0.31
238	0.23
239	0.17
240	0.11
241	0.09
242	0.15
243	-0.8
244	0.46
245	0.64
246	-0.7
247	0.44
248	0.2
249	-0.11
250	0.19
251	-0.05
252	-0.2
253	0.31
254	-0.46
255	0.36
256	-0.85
257	0.37
258	-0.15
259	0.1
260	-0.04
261	0.1
262	-0.6
263	0.5
264	-0.51
265	0.45
266	-0.07
267	0.08
268	0.41
269	-0.4
270	0.36
271	-0.42
272	0.1
273	0.1
274	-0.14
275	0.08
276	-0.56
277	0.55
278	-0.54
279	0.46
280	-0.06
281	0.1
282	0.38
283	-0.48
284	-0.79
285	0.385
286	0.355
287	0.1
288	0.1
289	-0.53
290	0.22
291	-0.55
292	0.38
293	0.15
294	0.44
295	-0.49
296	0.2
297	-0.5
298	0.2
299	-0.81
300	0.385
301	0.355
302	0.2
303	0.35
304	-0.56
305	0.46
306	-0.51
307	0.34
308	0.12
309	0.52
310	0.38
311	-0.8
312	0.4
313	-0.51
314	-0.01
315	0.12
316	-0.01
317	0.14
318	-0.01
319	0.13
320	-0.64
321	0.65
322	-0.74
323	0.66
324	-0.06
325	0.1
326	0.49
327	-0.3
328	0.48
329	-0.81
330	0.46
331	0.43
332	0.14
333	0.14
334	0.01
335	0.16
336	0.78
337	-0.66
338	-0.43
339	0.2
340	0.18
341	-0.06
342	0.12
343	-1
344	-1
345	-1
346	-1
347	1
348	1
349	1
350	1
351	1
352	1
353	2
354	2
355	2
356	2
357	-0.4
358	0.1
359	-0.9
360	-0.2
361	0.06
362	-0.98
363	-1.07
364	0.19
365	0.51
366	-0.82
367	-0.3
368	0.07
369	-1.31
370	0.4
371	-0.4
372	0.08
373	0
374	0.07
375	-0.98
376	-1.3
377	0.3
378	2.5
379	-0.25
380	-0.865
381	1.62
382	-0.92
383	-0.6
384	0.3
385	-0.03
386	1.92
387	-1.12
388	-0.7
389	0.44
390	-0.1
391	1.62
392	-0.97
393	-0.63
394	0.28
395	-0.02
396	-0.51
397	0.08
398	-0.14
399	0.32
400	0.02
401	-0.04
402	-0.47
403	0.12
404	0.14
405	0.24
406	0.51
407	-0.43
408	-0.33
409	0.16
410	0.03
411	0.635
412	0.625
413	0.135
414	-0.215
415	1.48
416	-0.68
417	-0.54
418	0.18
419	-1
420	0.44
421	-0.8
422	0.41
423	0.18
424	0.03
425	0.39
426	-0.06
427	-0.18
428	0.06
429	0
430	0.03
431	0.19
432	0.22
433	0.25
434	1.374
435	-0.687
436	0.245
437	0.13
438	-0.42
439	-0.035
440	0.025
441	0.075
442	-0.055
443	0.13
444	-0.57
445	0.42
446	-0.005
447	0.295
448	-0.015
449	0.015
450	0.385
451	0.215
452	-0.49
453	-0.54
454	0.46
455	-0.115
456	0.055
457	0.115
458	-0.03
459	0.085
460	0
461	-0.678
462	0.473
463	-0.447
464	0.227
465	0.012
466	0.155
467	0.065
468	-0.468
469	0.192
470	0.042
471	-0.839
472	0.874
473	0.653
474	-0.689
475	-0.032
476	0.011
477	0.197
478	-0.331
479	0.378
480	-0.16
481	-0.009
482	0.122
483	-0.239
484	-0.163
485	-0.149
486	0.317
487	0.155
488	0.118
489	-0.059
490	-0.491
491	0.246
492	-0.32
493	-0.034
494	0.301
495	0.072
496	0.15
497	0.135
498	-0.257
499	0.275
500	-0.563
501	0.185
502	-0.286
503	0.306
504	0.078
505	0.075
506	0.187
507	-0.19
508	-0.019
509	-0.154
510	0.142
511	0.126
512	-0.257
513	0.511
514	-0.59
515	0.169
516	-0.148
517	0.043
518	0.091
519	0.181
520	-0.122
521	-0.413
522	0.405
523	-0.455
524	0.25
525	0.053
526	0.184
527	0.098
528	-0.5
529	0.001
530	-0.39
531	-0.27
532	-0.127
533	-0.108
534	-0.258
535	0.22
536	0.225
537	0.376
538	0.147
539	0.172
540	0.155
541	0.107
542	0.11
543	0.14
544	-0.694
545	0.425
546	-0.359
547	-0.008
548	-0.197
549	-0.112
550	-0.07
551	-0.307
552	0.563
553	-0.051
554	0.028
555	0.146
556	0.119
557	0.133
558	0.113
559	0.114
560	0.157
561	-0.76
562	0.679
563	-0.788
564	0.736
565	0.038
566	0.343
567	-0.642
568	0.452
569	-0.682
570	0.024
571	0.101
572	0.086
573	0.413
574	-0.03
575	0.242
576	-0.515
577	0.228
578	-0.299
579	0.101
580	0.068
581	0.205
582	-0.951
583	0.965
584	-0.014
585	0.13
586	0.052
587	-0.599
588	0.392
589	-0.348
590	0.02
591	-0.042
592	0.347
593	-0.196
594	0.032
595	0.146
596	0.108
597	0.14
598	0.122
599	0.166
600	-0.58
601	0.173
602	-0.395
603	-0.199
604	0.118
605	0.093
606	0.208
607	0.098
608	-0.139
609	-0.079
610	0.099
611	-0.168
612	-0.108
613	-0.189
614	-0.129
615	-0.169
616	-0.109
617	-0.138
618	-0.078
619	-0.025
620	0.035
621	-0.038
622	0.022
623	-0.334
624	0.255
625	0.523
626	0.5
627	-0.14
628	0.2275
629	0.14
630	-0.008
631	0.588
632	-0.103
633	-0.332
634	0.04
635	0.342
636	-0.05
637	-0.205
638	3
639	4
640	3
641	0.619
642	-0.395
643	0.174
644	3
645	3
646	3
647	3
648	3
649	-0.344
650	-0.628
651	0.2
652	-0.12
653	-0.06
654	0
655	-0.23
656	0.03
657	-0.099
658	0.099
659	0.22
660	-0.22
661	0.13
662	-0.13
663	-0.22
664	0.22
665	0.15
666	0.45
667	-0.2
668	0.2
669	-0.2
670	0.2
671	-0.2
672	0.1
673	-0.1
674	0.055
675	-0.22
676	0.065
677	0.013
678	-0.106
679	-0.09
680	-0.119
681	0.141
682	0.129
683	0.827
684	-0.885
685	0.426
686	0.465
687	0.119
688	-0.02
689	0.04
690	-0.62
691	-0.785
692	-0.785
693	0.55
694	-0.56
695	0.46
696	-0.08
697	-0.02
698	0.04
699	0.1
700	0.06
701	0.54
702	-0.37
703	0.02
704	0.06
705	0.08
706	0.14
707	0.2
708	0.65
709	0.09
710	0.035
711	-0.9
712	-0.5
713	0.86
714	-0.45
715	0.21
716	0.16
717	-0.1
718	0.03
719	0.03
720	0.06
721	-0.78
722	0.9684
723	-0.5081
724	-0.008
725	0.172
726	1.34
727	-0.39
728	0.794
729	-0.598
730	-0.9
731	-0.78
732	-0.63
733	0
734	0.02
735	0.03
736	0.06
737	0.08
738	0.09
739	0.36
740	0.38
741	0.06
742	0.12
743	0.18
744	0.14
745	0.15
746	0.18
747	0.2
748	0.21
749	0.115
750	0.175
751	0.235
752	0.195
753	0.1525
754	0.135
755	-0.21
756	0.2
757	0.01
758	0.01
759	0.01
760	0.06
761	0.45
762	0.48
763	0.51
764	-0.655
765	0.39
766	-0.5
767	-0.56
768	-0.6
769	0
770	-0.1
771	0.29
772	0.09
773	0.15
774	0.21
775	0.27
776	0.096
777	-0.039
778	0.027
779	0.011
780	0.074
781	-0.029
782	0.7
783	-0.352
784	-0.709
785	0.317
786	-0.22
787	0.02
788	0.1
789	0.12
790	0.22
791	0.36
792	0.24
793	0.12
794	0.48
795	-0.12
796	0.25
797	0.15
798	-0.08
799	-0.106
800	-0.2
801	-0.006
802	0.103
803	0.097
804	0.2
805	-0.2
806	-0.006
807	0.103
808	0.097
809	0.2
810	-0.08
811	-0.08
812	-0.08
813	0.1
814	-0.25
815	0.6
816	-0.15
817	-0.025
818	-0.045
819	0.145
820	0.888
821	1.003
822	-0.658
823	-0.634
824	0.411
825	-0.442
826	0.435
827	0.225
828	0.255
829	-0.034
830	0.003
831	0.3
832	-0.04
833	-0.0575
834	2
835	-0.07
836	0.03
837	0.13
838	-0.13
839	0.1
840	-0.685
841	0.155
842	-0.1
843	-0.427
844	0.218
845	0.6
846	-0.6
847	-0.36
848	0
849	0.06
850	0.12
851	0.18
852	0.06
853	0.57
854	-0.57
855	0
856	0.02
857	-0.04
858	0
859	0.06
860	-0.07
861	-0.14
862	0.17
863	0.11
864	0.15
865	0.17
866	1
867	0.85
868	0.7
869	0.55
870	-0.1
871	-0.43
872	-0.37
873	-0.31
874	-0.25
875	-1
876	-1
877	-1
878	-1
879	1
880	1
881	1
882	1
883	1
884	2
885	2
886	2
887	2
888	-0.05
889	0.05
890	0.15
891	0.25
892	0.1
893	0.115
894	0.135
895	0.015
896	0.155
897	0
898	-0.115
899	0.15
900	-0.25
901	-0.1
902	0.05
903	-0.1
904	0.2
905	-0.25
906	0.088
907	-0.222
908	-0.148
909	0.19
910	0.074
911	0.074
912	-0.16
913	0.16
914	0
915	-0.23
916	-0.683
917	0.418
918	-0.7
919	0.435
920	-0.73
921	0.465
922	0.06
923	0.005
924	-0.07
925	0.08
926	-0.06
927	0.1
928	-0.06
929	0.1
930	0.18
931	0.12
932	0.75
933	-0.55
934	-0.45
935	-0.03
936	0.085
937	-0.344
938	0.06
939	0.03
940	-0.25
941	-0.1
942	0.05
